2021.6.22 	
avg_Humidity : 30.59021097303947
avg_Temperature : 29.493924043228862
